398.0074751
190.7777846
177.3146816
164.7921284
153.1444409
142.3105234
132.233549
122.8606607
114.142695
106.0339231
98.49181183
91.47680002
84.95209119
78.88346052
73.23907522
67.98932763
63.10667986
58.56551928
54.34202419
50.41403881
46.76095701
43.36361417
40.20418664
37.26609813
34.53393269
31.99335382
29.63102909
27.43456015
25.39241756
23.49388016
21.72897869
20.08844331
18.56365477
17.146599
15.8298248
14.6064045
13.46989731
12.4143152
11.43409112
10.5240494
9.679378184
8.895603695
8.168566271
7.49439801
6.8695019
6.290532353
5.754377024
5.258139834
4.799125116
4.374822805
3.982894605
3.621161078
3.287589597
2.980283115
2.69746971
2.437492873
2.198802499
1.979946566
1.779563465
1.596374965
1.429179798
1.276847833
1.138314823
1.012577706
0.8986904268
0.7957602622
0.7029446027
0.6194481678
0.5445206065
0.4774544417
0.4175833094
0.3642804457
0.316957369
0.2750627096
0.238081138
0.2055323482
0.1769700564
0.1519809823
0.1301837847
0.1112279349
0.09479251165
0.08058491709
0.06833951145
0.05781617625
0.04879881669
0.04109381897
0.03452848022
0.02894942987
0.02422106125
0.02022399162
0.01685356691
0.01401842567
0.01163913397
0.009646900501
0.007982378473
0.006594558305
0.005439752808
0.004480674537
0.003685603222
0.00302763982
0.002484042654
0.002035640339
0.001666315694
0.001362554619
0.001113053833
0.0009083814835
0.0007406848903
0.0006034399619
0.0004912372457
0.0003995999546
0.0003248297567
0.0002638765362
0.0002142287521
0.0001738214117
0.0001409590466
0.0001142514139
9.255995258e-05
7.495329796e-05
6.067040143e-05
4.909001683e-05
3.970550142e-05
3.210404257e-05
2.594956075e-05
2.09686597e-05
1.693909732e-05
1.368033746e-05
1.104581676e-05
8.91662247e-06
7.196329479e-06
5.806788201e-06
4.684691448e-06
3.778778668e-06
3.047561092e-06
2.457472133e-06
1.981364615e-06
1.597290596e-06
1.287511263e-06
1.037693966e-06
8.362613818e-07
6.738642335e-07
5.429543205e-07
4.374389154e-07
3.524011389e-07
2.838738008e-07
2.286565472e-07
1.841680701e-07
1.483266911e-07
1.194538999e-07
9.61964548e-08
7.746348883e-08
