0.03956490632
0.07761453223
0.0828821616
0.08848213924
0.09443138437
0.1007469779
0.1074460166
0.114545435
0.1220617887
0.1300109949
0.1384080238
0.1472665335
0.1565984432
0.1664134368
0.1767183902
0.1875167173
0.1988076289
0.2105853021
0.2228379597
0.2355468654
0.248685243
0.2622171389
0.276096256
0.2902647982
0.304652381
0.3191750812
0.3337347136
0.3482184463
0.3624988765
0.3764347062
0.3898721524
0.4026472217
0.4145889423
0.4255235975
0.4352799232
0.4436951336
0.4506215197
0.4559332475
0.4595328779
0.461357066
0.4613808948
0.4596203621
0.4561326874
0.4510143084
0.4443966728
0.436440164
0.4273266839
0.4172515279
0.4064152096
0.3950158305
0.3832424642
0.3712698619
0.3592546144
0.3473327605
0.3356187113
0.3242052869
0.3131646267
0.3025497291
0.2923963968
0.2827253972
0.2735446841
0.2648515692
0.2566347635
0.2488762405
0.2415528965
0.2346379979
0.228102422
0.2219157013
0.216046889
0.2104652632
0.2051408899
0.2000450632
0.1951506389
0.1904322783
0.1858666156
0.1814323605
0.1771103483
0.1728835443
0.1687370128
0.1646578559
0.160635129
0.1566597372
0.1527243186
0.1488231161
0.1449518441
0.1411075494
0.1372884728
0.1334939098
0.1297240756
0.1259799738
0.1222632704
0.1185761757
0.1149213327
0.1113017146
0.1077205297
0.1041811367
0.1006869677
0.09724145999
0.09384799743
0.09050985902
0.08723017594
0.08401189591
0.08085775444
0.07777025252
0.07475164011
0.07180390492
0.06892876582
0.06612767055
0.06340179686
0.06075205689
0.05817910413
0.05568334259
0.05326493769
0.05092382862
0.04865974174
0.04647220466
0.04436056099
0.04232398512
0.04036149725
0.03847197819
0.03665418391
0.03490675973
0.03322825398
0.03161713112
0.03007178424
0.02859054686
0.02717170404
0.02581350279
0.0245141617
0.02327187993
0.0220848454
0.02095124233
0.01986925806
0.01883708929
0.0178529476
0.01691506443
0.01602169548
0.01517112461
0.01436166715
0.01359167284
0.01285952829
0.01216365907
0.01150253135
0.01087465331
0.01027857618
0.009712894963
0.009176248994
0.008667322179
0.008184843078
0.007727584786
