-0.0001593132079
-0.0001879490819
-0.0002215436088
-0.0002609007129
-0.0003069384499
-0.0003607002237
-0.000423365417
-0.0004962586728
-0.0005808567843
-0.0006787918006
-0.0007918485343
-0.0009219541432
-0.001071156866
-0.001241590318
-0.001435419035
-0.001654760204
-0.001901575899
-0.002177529632
-0.002483800995
-0.002820852716
-0.003188145986
-0.003583802921
-0.004004219838
-0.004443642391
-0.004893723747
-0.005343100288
-0.005777035321
-0.006177199083
-0.006521670408
-0.006785258228
-0.006940244028
-0.006957632774
-0.006808962803
-0.006468659397
-0.00591682178
-0.005142216591
-0.004145130362
-0.002939637954
-0.00155480822
-3.4424834e-05
0.001565033933
0.003178148657
0.004735719992
0.00617071352
0.007424165191
0.008450188303
0.009219370197
0.009720144619
0.009958097807
0.009953517965
0.009737747954
0.009349005554
0.008828296128
0.008215896719
0.007548694235
0.006858466747
0.006171043506
0.005506182858
0.004877966617
0.004295512412
0.003763835591
0.003284734314
0.002857614215
0.002480205773
0.002149155476
0.001860490851
0.001609970699
0.001393337367
0.001206489379
0.001045591869
0.0009071400948
0.0007879887023
0.0006853568401
0.0005968168773
0.0005202725644
0.0004539309217
0.0003962709511
0.0003460113727
0.0003020789244
0.0002635782726
0.0002297642252
0.0002000166613
0.00017381839
0.0001507359904
0.0001304035603
0.0001125092102
9.678406885e-05
8.299352442e-05
7.093039886e-05
6.040974839e-05
5.126499148e-05
4.334508644e-05
3.651251021e-05
3.064182415e-05
2.56186494e-05
2.133891004e-05
1.770823645e-05
1.464145079e-05
1.206208212e-05
9.901879042e-06
8.100303719e-06
6.604002471e-06
5.366255953e-06
4.346416566e-06
3.509343026e-06
2.824842502e-06
2.267130026e-06
1.81431347e-06
1.447910517e-06
1.152402188e-06
9.148256205e-07
7.244071725e-07
5.722355846e-07
4.509738266e-07
3.546074885e-07
2.782270223e-07
2.178408298e-07
1.702160511e-07
1.327439128e-07
1.033266024e-07
8.028281668e-08
6.226935984e-08
4.821641688e-08
3.727439087e-08
2.877044743e-08
2.21731545e-08
1.706383199e-08
1.311343131e-08
1.006394837e-08
7.713534686e-09
5.90461141e-09
4.514411127e-09
3.447474543e-09
2.629715234e-09
2.003737695e-09
1.525153692e-09
1.159691269e-09
8.809312167e-10
6.685388318e-10
5.068855453e-10
3.839766816e-10
2.90618984e-10
2.197755075e-10
1.660665995e-10
1.253845494e-10
9.459650173e-11
7.13157766e-11
5.372611037e-11
4.044676535e-11
3.042914836e-11
