1.241713293e-05
1.434491638e-05
1.657137496e-05
1.914263414e-05
2.211190685e-05
2.554057388e-05
2.949942692e-05
3.407009825e-05
3.934670431e-05
4.543773472e-05
5.246822214e-05
6.058223379e-05
6.994573069e-05
8.074984736e-05
9.32146514e-05
0.0001075934506
0.000124177724
0.0001433027633
0.0001653541212
0.0001907749777
0.0002200745452
0.0002538376508
0.0002927356496
0.0003375388385
0.000389130561
0.0004485232112
0.0005168763674
0.0005955173075
0.0006859641804
0.00078995213
0.000909462692
0.001046756805
0.001204411792
0.001385362699
0.001592948368
0.001830962643
0.002103711118
0.002416073779
0.002773573933
0.003182453717
0.003649756462
0.004183416094
0.004792353645
0.00548658082
0.006277310404
0.007177073082
0.008199840017
0.009361150249
0.01067824167
0.01217018395
0.01385801148
0.01576485386
0.01791606119
0.02033932079
0.02306476185
0.02612504377
0.02955542394
0.03339380033
0.03768072404
0.04245937731
0.0477755122
0.05367734604
0.06021540994
0.06744234766
0.07541266326
0.08418241693
0.09380887017
0.1043500826
0.1158644651
0.1284102942
0.1420451965
0.1568256108
0.1728062386
0.1900394935
0.2085749625
0.2284588883
0.2497336869
0.272437509
0.2966038558
0.322261257
0.3494330174
0.3781370367
0.4083857035
0.4401858662
0.4735388757
0.5084406998
0.5448821005
0.5828488702
0.6223221185
0.6632786
0.7056910764
0.7495287027
0.7947574295
0.8413404133
0.8892384279
0.9384102687
0.9888131457
1.04040306
1.093135159
1.146964068
1.201844198
1.257730019
1.314576318
1.372338416
1.430972362
1.490435108
1.550684645
1.611680124
1.673381952
1.735751867
1.798752996
1.862349894
1.92650857
1.991196495
2.056382603
2.122037285
2.188132362
2.254641065
2.321537999
2.388799107
2.456401629
2.524324058
2.592546092
2.661048588
2.729813512
2.79882389
2.868063759
2.93751812
3.007172886
3.07701484
3.147031585
3.217211502
3.287543706
3.358018007
3.428624865
3.499355358
3.570201142
3.641154417
3.712207895
3.783354768
3.854588677
3.925903687
3.997294258
4.068755219
4.140281747
4.211869344
4.283513814
4.355211245
4.426957992
4.498750655
