0.005
0.005375471272
0.005779138279
0.00621311836
0.00667968785
0.007181294029
0.00772056795
0.008300338244
0.008923645956
0.009593760495
0.01031419679
0.0110887337
0.01192143389
0.01281666508
0.01377912299
0.01481385596
0.01592629143
0.01712226441
0.01840804809
0.01979038673
0.02127653107
0.02287427631
0.02459200303
0.02643872116
0.02842411722
0.03055860511
0.03285338077
0.03532048091
0.03797284609
0.04082438865
0.04389006568
0.04718595744
0.05072935173
0.05453883458
0.05863438769
0.06303749332
0.06777124688
0.07286047814
0.07833188142
0.08421415565
0.09053815488
0.09733705012
0.1046465033
0.1125048545
0.1209533226
0.1300362222
0.1398011954
0.1502994619
0.1615860879
0.1737202747
0.1867656692
0.2007906979
0.2158689257
0.2320794417
0.2495072743
0.2682438371
0.288387408
0.3100436454
0.3333261418
0.3583570199
0.3852675731
0.4141989542
0.4453029159
0.4787426063
0.5146934254
0.5533439444
0.5948968954
0.6395702342
0.6875982841
0.7392329645
0.7947451128
0.8544259045
0.9185883808
0.9875690904
1.061729855
1.141459667
1.227176729
1.319330651
1.418404802
1.524918853
1.639431498
1.762543384
1.894900265
2.037196388
2.190178131
2.354647925
2.531468456
2.721567192
2.925941251
3.145662628
3.381883817
3.635843861
3.908874845
4.202408887
4.517985649
4.857260413
5.222012762
5.614155917
6.03574677
6.488996673
6.97628304
7.500161814
8.063380873
8.668894448
9.319878613
10.01974795
10.77217345
11.58110178
12.45077599
13.38575773
14.39095122
15.47162898
16.63345942
17.88253665
19.22541241
20.66913042
22.22126336
23.88995256
25.68395074
27.61266787
29.68622057
31.91548517
34.31215474
36.88880041
39.65893738
42.63709571
45.83889662
49.28113439
52.98186443
56.96049804
61.23790417
65.83651892
70.78046322
76.09566934
81.81001689
87.95347911
94.55828005
101.6590636
109.2930752
117.5003572
126.3239589
135.8101624
146.0087253
156.9731416
168.7609227
181.4338983
195.0585416
209.7063174
225.4540569
242.3843613
